TTFB: 0.282781s
Total: 0.283264s
